0 1 1
1 2 1
2 3 1
3 4 1
4 5 1
5 6 1
6 7 1
7 8 1
8 9 1
9 10 1
10 11 1
11 12 1
12 13 1
13 14 1
14 15 1
15 16 1
16 17 1
17 18 1
18 19 1
19 20 1
20 21 1
21 22 1
22 23 1
23 24 1
24 25 1
25 26 1
26 27 1
27 28 1
28 29 1
29 30 1
30 31 1
31 32 1
32 33 1
33 34 1
34 35 1
35 36 1
36 37 1
37 38 1
38 39 1
39 40 1
40 41 1
41 42 1
42 43 1
43 44 1
44 45 1
45 46 1
46 47 1
47 48 1
48 49 1
49 50 1
50 51 1
51 52 1
52 53 1
53 54 1
54 55 1
55 56 1
56 57 1
57 58 1
58 59 1
59 60 1
60 61 1
61 62 1
62 63 1
63 64 1
64 65 1
65 66 1
66 67 1
67 68 1
68 69 1
69 70 1
70 71 1
71 72 1
72 73 1
73 74 1
74 75 1
75 76 1
76 77 1
77 78 1
78 79 1
79 80 1
80 81 1
81 82 1
82 83 1
83 84 1
84 85 1
85 86 1
86 87 1
87 88 1
88 89 1
89 90 1
90 91 1
91 92 1
92 93 1
93 94 1
94 95 1
95 96 1
96 97 1
97 98 1
98 99 1
99 100 1
100 101 1
101 102 1
102 103 1
103 104 1
104 105 1
105 106 1
106 107 1
107 108 1
108 109 1
109 110 1
110 111 1
111 112 1
112 113 1
113 114 1
114 115 1
115 116 1
116 117 1
117 118 1
118 119 1
119 120 1
120 121 1
121 122 1
122 123 1
123 124 1
124 125 1
125 126 1
126 127 1
127 128 1
128 129 1
129 130 1
130 131 1
131 132 1
132 133 1
133 134 1
134 135 1
135 136 1
136 137 1
137 138 1
138 139 1
139 140 1
140 141 1
141 142 1
142 143 1
143 144 1
144 145 1
145 146 1
146 147 1
147 148 1
148 149 1
149 150 1
150 151 1
152 153 1
153 1 1
153 154 1
154 16 1
154 155 1
155 31 1
155 156 1
156 46 1
156 157 1
157 61 1
157 158 1
158 76 1
158 159 1
159 91 1
159 160 1
160 106 1
160 161 1
161 121 1
161 162 1
162 136 1
162 163 1
164 165 1
165 2 1
165 166 1
166 17 1
166 167 1
167 32 1
167 168 1
168 47 1
168 169 1
169 62 1
169 170 1
170 77 1
170 171 1
171 92 1
171 172 1
172 107 1
172 173 1
173 122 1
173 174 1
174 137 1
174 175 1
176 177 1
177 3 1
177 178 1
178 18 1
178 179 1
179 33 1
179 180 1
180 48 1
180 181 1
181 63 1
181 182 1
182 78 1
182 183 1
183 93 1
183 184 1
184 108 1
184 185 1
185 123 1
185 186 1
186 138 1
186 187 1
188 189 1
189 4 1
189 190 1
190 19 1
190 191 1
191 34 1
191 192 1
192 49 1
192 193 1
193 64 1
193 194 1
194 79 1
194 195 1
195 94 1
195 196 1
196 109 1
196 197 1
197 124 1
197 198 1
198 139 1
198 199 1
200 201 1
201 5 1
201 202 1
202 20 1
202 203 1
203 35 1
203 204 1
204 50 1
204 205 1
205 65 1
205 206 1
206 80 1
206 207 1
207 95 1
207 208 1
208 110 1
208 209 1
209 125 1
209 210 1
210 140 1
210 211 1
212 213 1
213 6 1
213 214 1
214 21 1
214 215 1
215 36 1
215 216 1
216 51 1
216 217 1
217 66 1
217 218 1
218 81 1
218 219 1
219 96 1
219 220 1
220 111 1
220 221 1
221 126 1
221 222 1
222 141 1
222 223 1
224 225 1
225 7 1
225 226 1
226 22 1
226 227 1
227 37 1
227 228 1
228 52 1
228 229 1
229 67 1
229 230 1
230 82 1
230 231 1
231 97 1
231 232 1
232 112 1
232 233 1
233 127 1
233 234 1
234 142 1
234 235 1
236 237 1
237 8 1
237 238 1
238 23 1
238 239 1
239 38 1
239 240 1
240 53 1
240 241 1
241 68 1
241 242 1
242 83 1
242 243 1
243 98 1
243 244 1
244 113 1
244 245 1
245 128 1
245 246 1
246 143 1
246 247 1
248 249 1
249 9 1
249 250 1
250 24 1
250 251 1
251 39 1
251 252 1
252 54 1
252 253 1
253 69 1
253 254 1
254 84 1
254 255 1
255 99 1
255 256 1
256 114 1
256 257 1
257 129 1
257 258 1
258 144 1
258 259 1
260 261 1
261 10 1
261 262 1
262 25 1
262 263 1
263 40 1
263 264 1
264 55 1
264 265 1
265 70 1
265 266 1
266 85 1
266 267 1
267 100 1
267 268 1
268 115 1
268 269 1
269 130 1
269 270 1
270 145 1
270 271 1
272 273 1
273 11 1
273 274 1
274 26 1
274 275 1
275 41 1
275 276 1
276 56 1
276 277 1
277 71 1
277 278 1
278 86 1
278 279 1
279 101 1
279 280 1
280 116 1
280 281 1
281 131 1
281 282 1
282 146 1
282 283 1
284 285 1
285 12 1
285 286 1
286 27 1
286 287 1
287 42 1
287 288 1
288 57 1
288 289 1
289 72 1
289 290 1
290 87 1
290 291 1
291 102 1
291 292 1
292 117 1
292 293 1
293 132 1
293 294 1
294 147 1
294 295 1
296 297 1
297 13 1
297 298 1
298 28 1
298 299 1
299 43 1
299 300 1
300 58 1
300 301 1
301 73 1
301 302 1
302 88 1
302 303 1
303 103 1
303 304 1
304 118 1
304 305 1
305 133 1
305 306 1
306 148 1
306 307 1
308 309 1
309 14 1
309 310 1
310 29 1
310 311 1
311 44 1
311 312 1
312 59 1
312 313 1
313 74 1
313 314 1
314 89 1
314 315 1
315 104 1
315 316 1
316 119 1
316 317 1
317 134 1
317 318 1
318 149 1
318 319 1
320 321 1
321 15 1
321 322 1
322 30 1
322 323 1
323 45 1
323 324 1
324 60 1
324 325 1
325 75 1
325 326 1
326 90 1
326 327 1
327 105 1
327 328 1
328 120 1
328 329 1
329 135 1
329 330 1
330 150 1
330 331 1
