0/[1,1]/[1,1,0,0,0,0]    
1/[1,2,1]/[1,1,1,0,0,0]
2/[1,2,1]/[1,2,0,0,0,0]
3/[2,2,2]/[1,2,0,0,0,0]       
4/[1,2,2,1]/[1,1,1,1,0,0]
5/[1,2,2,1]/[1,2,1,0,0,0]
6/[1,1,1,3]/[1,1,2,0,0,0]
7/[1,1,1,3]/[1,3,0,0,0,0]
8/[2,2,2,2]/[1,2,1,0,0,0]
9/[1,3,2,2]/[1,1,2,0,0,0]
10/[1,3,2,2]/[1,2,3,0,0,0]
11/[1,3,2,2]/[1,3,0,0,0,0]
12/[2,2,3,3]/[1,2,1,0,0,0]
13/[2,2,3,3]/[1,3,0,0,0,0]
14/[3,3,3,3]/[1,3,0,0,0,0]
15/[1,2,2,2,1]/[1,1,1,1,1,0]
16/[1,2,2,2,1]/[1,2,1,1,0,0]
17/[1,2,2,2,1]/[1,2,2,0,0,0]
18/[1,2,3,1,1]/[1,1,1,2,0,0]
19/[1,2,3,1,1]/[1,1,2,1,0,0]
20/[1,2,3,1,1]/[1,2,2,0,0,0]
21/[1,2,3,1,1]/[1,3,1,0,0,0]
